0.0
0.0
0.0
0.0
0.0
0.0
0.0
0.0
0.0
0.0
0.0
0.0
0.0
0.28598130841121494
0.28598130841121494
0.4766355140186916
0.4766355140186916
0.3813084112149533
0.28598130841121494
0.28598130841121494
0.28598130841121494
0.19065420560747665
0.19065420560747665
0.0
0.0
0.0
0.09532710280373832
0.0
0.19065420560747665
0.09532710280373832
0.0
0.0
0.0
0.3813084112149533
0.4766355140186916
0.28598130841121494
0.28598130841121494
0.4766355140186916
0.4766355140186916
0.19065420560747665
0.09532710280373832
0.3813084112149533
0.5719626168224299
0.4766355140186916
0.28598130841121494
0.19065420560747665
0.19065420560747665
0.09532710280373832
0.19065420560747665
0.19065420560747665
0.28598130841121494
0.28598130841121494
0.19065420560747665
0.3813084112149533
0.28598130841121494
0.19065420560747665
0.09532710280373832
0.28598130841121494
0.19065420560747665
0.0
0.0
0.0
0.0
0.0
0.28598130841121494
0.28598130841121494
0.09532710280373832
0.0
0.0
0.19065420560747665
0.28598130841121494
0.28598130841121494
0.19065420560747665
0.28598130841121494
0.19065420560747665
0.4766355140186916
1.5252336448598132
2.573831775700935
YAAAAAAAAAAAAAAAAAAAAAAAAA!
2.4785046728971962
1.5252336448598132
3.1457943925233645
YAAAAAAAAAAAAAAAAAAAAAAAAA!
6.386915887850467
11.057943925233644
17.730841121495327
24.117757009345794
24.594392523364487
26.405607476635513
31.362616822429906
33.269158878504676
32.79252336448598
31.934579439252335
30.02803738317757
28.979439252336448
32.029906542056075
34.794392523364486
33.45981308411215
35.0803738317757
41.75327102803738
42.42056074766355
37.654205607476634
38.226168224299066
40.99065420560748
41.75327102803738
38.035514018691586
37.84485981308411
40.13271028037383
41.56261682242991
41.56261682242991
44.13644859813084
44.51775700934579
40.418691588785045
42.61121495327103
42.51588785046729
46.71028037383178
42.61121495327103
41.56261682242991
38.226168224299066
35.17570093457944
33.65046728971963
37.27289719626168
38.702803738317755
46.23364485981308
48.71214953271028
42.70654205607477
45.47102803738318
39.751401869158876
36.319626168224296
37.27289719626168
49.188785046728974
61.581308411214955
60.91401869158879
38.51214953271028
36.510280373831776
37.46355140186916
35.17570093457944
34.222429906542054
27.930841121495327
32.029906542056075
34.69906542056075
33.93644859813084
30.790654205607478
25.833644859813084
23.25981308411215
21.162616822429907
21.067289719626167
21.54392523364486
26.59626168224299
31.553271028037383
32.31588785046729
27.64485981308411
23.641121495327102
20.4
19.351401869158877
21.162616822429907
22.401869158878505
21.6392523364486
18.493457943925232
18.970093457943925
21.162616822429907
25.92897196261682
30.50467289719626
36.60560747663551
32.697196261682244
18.302803738317756
10.2
7.435514018691589
5.624299065420561
3.527102803738318
2.4785046728971962
1.2392523364485981
0.8579439252336448
1.1439252336448598
1.1439252336448598
0.8579439252336448
0.09532710280373832
0.0
0.0
0.19065420560747665
0.3813084112149533
0.19065420560747665
0.09532710280373832
0.0
0.0
0.0
0.0
0.0
0.19065420560747665
0.19065420560747665
0.0
0.0
0.0
0.0
0.09532710280373832
0.28598130841121494
0.19065420560747665
0.0
0.09532710280373832
0.09532710280373832
0.28598130841121494
0.5719626168224299
0.5719626168224299
0.3813084112149533
0.19065420560747665
0.19065420560747665
0.19065420560747665
0.19065420560747665
0.4766355140186916
0.4766355140186916
0.5719626168224299
0.3813084112149533
0.19065420560747665
0.0
0.28598130841121494
0.5719626168224299
0.5719626168224299
0.5719626168224299
0.28598130841121494
0.0
0.0
0.0
0.0
0.0
0.0
0.09532710280373832
0.19065420560747665
0.28598130841121494
0.28598130841121494
0.3813084112149533
0.4766355140186916
0.5719626168224299
0.5719626168224299
0.4766355140186916
0.09532710280373832
0.0
0.19065420560747665
0.3813084112149533
0.5719626168224299
0.6672897196261682
0.6672897196261682
0.3813084112149533
0.19065420560747665
0.28598130841121494
0.4766355140186916
0.4766355140186916
0.4766355140186916
0.3813084112149533
0.28598130841121494
0.19065420560747665
0.19065420560747665
0.19065420560747665
0.19065420560747665
0.19065420560747665
0.28598130841121494
0.0
0.0
0.19065420560747665
0.28598130841121494
0.5719626168224299
1.5252336448598132
1.6205607476635513
2.764485981308411
YAAAAAAAAAAAAAAAAAAAAAAAAA!
1.5252336448598132
2.4785046728971962
YAAAAAAAAAAAAAAAAAAAAAAAAA!
5.052336448598131
8.57943925233645
16.300934579439254
21.257943925233644
25.547663551401868
26.1196261682243
27.072897196261682
26.882242990654206
24.213084112149534
26.500934579439253
29.837383177570093
32.506542056074764
33.36448598130841
31.74392523364486
36.700934579439256
42.70654205607477
46.90093457943925
43.373831775700936
40.8
41.75327102803738
41.37196261682243
39.46542056074767
35.17570093457944
37.08224299065421
43.08785046728972
41.84859813084112
38.51214953271028
42.42056074766355
45.37570093457944
43.183177570093456
34.50841121495327
35.0803738317757
38.3214953271028
40.418691588785045
43.65981308411215
47.282242990654204
40.418691588785045
36.41495327102804
32.220560747663555
35.461682242990655
39.17943925233645
43.2785046728972
45.18504672897196
57.86355140186916
57.100934579439254
41.37196261682243
38.035514018691586
36.79626168224299
39.27476635514019
44.899065420560746
48.23551401869159
48.90280373831776
41.94392523364486
39.37009345794392
36.89158878504673
35.17570093457944
34.03177570093458
35.55700934579439
36.22429906542056
32.029906542056075
28.40747663551402
24.97570093457944
22.020560747663552
24.022429906542055
27.16822429906542
32.98317757009346
30.790654205607478
24.30841121495327
24.117757009345794
22.59252336448598
19.1607476635514
19.1607476635514
18.398130841121496
18.016822429906544
18.87476635514019
18.016822429906544
18.398130841121496
20.4
19.92336448598131
25.261682242990656
25.642990654205608
34.03177570093458
28.502803738317755
21.44859813084112
9.818691588785047
5.433644859813084
2.9551401869158878
2.764485981308411
2.383177570093458
2.383177570093458
2.1925233644859814
1.5252336448598132
0.9532710280373832
0.19065420560747665
0.09532710280373832
0.19065420560747665
0.19065420560747665
0.19065420560747665
0.09532710280373832
0.09532710280373832
0.0
0.0
0.0
0.5719626168224299
0.6672897196261682
0.7626168224299066
0.4766355140186916
0.19065420560747665
0.19065420560747665
0.28598130841121494
0.19065420560747665
0.4766355140186916
0.5719626168224299
0.19065420560747665
0.19065420560747665
0.5719626168224299
0.6672897196261682
0.7626168224299066
0.6672897196261682
0.19065420560747665
0.09532710280373832
0.0
0.19065420560747665
0.09532710280373832
0.19065420560747665
0.3813084112149533
0.28598130841121494
0.19065420560747665
0.09532710280373832
0.19065420560747665
0.19065420560747665
0.3813084112149533
0.4766355140186916
0.3813084112149533
0.19065420560747665
0.19065420560747665
0.09532710280373832
0.0
0.19065420560747665
0.28598130841121494
0.19065420560747665
0.09532710280373832
0.0
0.0
0.0
0.0
0.09532710280373832
0.28598130841121494
0.28598130841121494
0.0
0.0
0.0
0.0
0.09532710280373832
0.19065420560747665
0.09532710280373832
0.0
0.0
0.0
0.09532710280373832
0.5719626168224299
0.5719626168224299
0.3813084112149533
0.19065420560747665
0.0
0.0
0.09532710280373832
0.19065420560747665
0.28598130841121494
0.28598130841121494
0.28598130841121494
0.19065420560747665
0.28598130841121494
0.19065420560747665
0.28598130841121494
0.19065420560747665
0.4766355140186916
0.3813084112149533
1.1439252336448598
1.6205607476635513
2.4785046728971962
YAAAAAAAAAAAAAAAAAAAAAAAAA!
1.1439252336448598
3.0504672897196263
YAAAAAAAAAAAAAAAAAAAAAAAAA!
5.433644859813084
8.770093457943926
16.014953271028038
20.304672897196262
22.21121495327103
20.59065420560748
24.213084112149534
25.547663551401868
31.457943925233646
29.742056074766356
29.837383177570093
27.072897196261682
25.357009345794392
26.69158878504673
31.8392523364486
35.271028037383175
35.84299065420561
38.702803738317755
44.32710280373832
52.33457943925234
55.28971962616822
50.80934579439252
43.94579439252337
39.37009345794392
37.5588785046729
36.60560747663551
35.17570093457944
37.654205607476634
40.99065420560748
43.08785046728972
41.56261682242991
39.46542056074767
39.942056074766356
42.42056074766355
41.37196261682243
43.08785046728972
44.42242990654206
42.22990654205608
37.84485981308411
37.654205607476634
38.60747663551402
43.2785046728972
48.330841121495325
51.47663551401869
47.282242990654204
40.89532710280374
35.17570093457944
38.702803738317755
41.84859813084112
50.33271028037383
47.854205607476636
40.70467289719626
36.986915887850465
38.41682242990654
39.37009345794392
41.84859813084112
42.70654205607477
40.32336448598131
33.8411214953271
32.220560747663555
32.79252336448598
31.267289719626167
27.74018691588785
24.213084112149534
24.594392523364487
26.786915887850466
38.226168224299066
45.18504672897196
39.751401869158876
27.549532710280374
22.68785046728972
17.54018691588785
16.682242990654206
16.872897196261682
15.824299065420561
16.110280373831777
16.39626168224299
18.398130841121496
29.074766355140188
36.41495327102804
36.12897196261682
39.84672897196262
27.549532710280374
15.347663551401869
7.912149532710281
7.530841121495327
4.9570093457943925
2.1925233644859814
2.0018691588785047
2.2878504672897195
1.811214953271028
1.811214953271028
0.7626168224299066
0.8579439252336448
0.8579439252336448
0.6672897196261682
0.5719626168224299
0.3813084112149533
0.5719626168224299
0.4766355140186916
0.4766355140186916
0.4766355140186916
0.0
0.0
0.09532710280373832
0.28598130841121494
0.5719626168224299
0.6672897196261682
0.5719626168224299
0.4766355140186916
0.3813084112149533
0.28598130841121494
0.09532710280373832
0.19065420560747665
0.3813084112149533
0.3813084112149533
0.3813084112149533
0.09532710280373832
0.09532710280373832
0.19065420560747665
0.19065420560747665
0.19065420560747665
0.3813084112149533
0.5719626168224299
0.5719626168224299
0.3813084112149533
0.0
0.09532710280373832
0.28598130841121494
0.3813084112149533
0.19065420560747665
0.28598130841121494
0.09532710280373832
0.28598130841121494
0.3813084112149533
0.3813084112149533
0.5719626168224299
0.5719626168224299
0.6672897196261682
0.28598130841121494
0.5719626168224299
0.4766355140186916
0.4766355140186916
0.5719626168224299
0.5719626168224299
0.4766355140186916
0.0
0.0
0.28598130841121494
0.4766355140186916
0.5719626168224299
0.3813084112149533
0.3813084112149533
0.19065420560747665
0.19065420560747665
0.19065420560747665
0.3813084112149533
0.3813084112149533
0.5719626168224299
0.6672897196261682
0.5719626168224299
0.3813084112149533
0.28598130841121494
0.6672897196261682
0.4766355140186916
0.6672897196261682
0.5719626168224299
0.4766355140186916
0.4766355140186916
0.5719626168224299
0.4766355140186916
0.4766355140186916
0.28598130841121494
0.28598130841121494
0.4766355140186916
0.4766355140186916
0.4766355140186916
0.8579439252336448
1.6205607476635513
2.0018691588785047
YAAAAAAAAAAAAAAAAAAAAAAAAA!
2.9551401869158878
2.1925233644859814
2.1925233644859814
3.908411214953271
7.244859813084112
16.110280373831777
22.306542056074765
25.452336448598132
24.689719626168223
27.072897196261682
30.40934579439252
31.74392523364486
28.78878504672897
27.64485981308411
25.642990654205608
30.02803738317757
33.745794392523365
37.74953271028038
37.177570093457945
38.98878504672897
41.18130841121496
46.23364485981308
46.04299065420561
49.47476635514019
48.521495327102805
42.325233644859814
43.373831775700936
41.84859813084112
38.7981308411215
36.22429906542056
39.5607476635514
40.8
42.325233644859814
39.942056074766356
40.89532710280374
44.23177570093458
43.56448598130841
44.42242990654206
40.13271028037383
42.70654205607477
43.08785046728972
40.609345794392524
40.51401869158879
41.37196261682243
42.89719626168224
45.94766355140187
49.28411214953271
47.56822429906542
37.08224299065421
36.986915887850465
39.17943925233645
45.2803738317757
46.99626168224299
41.467289719626166
34.3177570093458
32.79252336448598
33.45981308411215
38.3214953271028
37.177570093457945
35.74766355140187
33.8411214953271
36.41495327102804
32.697196261682244
27.549532710280374
24.785046728971963
22.401869158878505
24.499065420560747
26.786915887850466
28.979439252336448
32.41121495327103
36.22429906542056
33.36448598130841
26.500934579439253
21.067289719626167
19.542056074766354
19.351401869158877
21.44859813084112
21.925233644859812
22.21121495327103
21.257943925233644
22.497196261682245
26.02429906542056
35.0803738317757
34.413084112149534
35.55700934579439
26.02429906542056
16.777570093457943
13.822429906542055
10.676635514018692
7.626168224299065
4.861682242990654
2.573831775700935
1.9065420560747663
2.764485981308411
YAAAAAAAAAAAAAAAAAAAAAAAAA!
1.7158878504672896
0.5719626168224299
0.9532710280373832
0.5719626168224299
0.5719626168224299
0.4766355140186916
0.5719626168224299
0.5719626168224299
0.7626168224299066
0.4766355140186916
0.3813084112149533
0.3813084112149533
0.4766355140186916
0.5719626168224299
0.5719626168224299
0.3813084112149533
0.4766355140186916
0.4766355140186916
0.4766355140186916
0.28598130841121494
0.3813084112149533
0.28598130841121494
0.28598130841121494
0.5719626168224299
0.3813084112149533
0.3813084112149533
0.3813084112149533
0.7626168224299066
0.8579439252336448
0.7626168224299066
0.6672897196261682
0.5719626168224299
0.3813084112149533
0.3813084112149533
0.3813084112149533
0.28598130841121494
0.3813084112149533
0.3813084112149533
0.4766355140186916
0.28598130841121494
0.4766355140186916
0.7626168224299066
0.9532710280373832
0.6672897196261682
0.5719626168224299
0.19065420560747665
0.28598130841121494
0.4766355140186916
0.4766355140186916
0.8579439252336448
0.9532710280373832
0.9532710280373832
0.5719626168224299
0.28598130841121494
0.09532710280373832
0.28598130841121494
0.5719626168224299
0.8579439252336448
0.3813084112149533
0.4766355140186916
0.4766355140186916
0.3813084112149533
0.4766355140186916
0.3813084112149533
0.4766355140186916
0.5719626168224299
0.3813084112149533
0.4766355140186916
0.6672897196261682
0.5719626168224299
0.3813084112149533
0.19065420560747665
0.19065420560747665
0.19065420560747665
0.19065420560747665
0.19065420560747665
0.19065420560747665
0.8579439252336448
0.8579439252336448
0.8579439252336448
0.5719626168224299
0.19065420560747665
0.19065420560747665
0.3813084112149533
0.7626168224299066
1.0485981308411214
1.9065420560747663
1.6205607476635513
1.5252336448598132
2.1925233644859814
YAAAAAAAAAAAAAAAAAAAAAAAAA!
2.1925233644859814
2.4785046728971962
4.385046728971963
7.435514018691589
12.392523364485982
17.349532710280375
20.114018691588786
20.209345794392522
19.637383177570094
22.59252336448598
29.170093457943924
38.893457943925235
38.60747663551402
30.218691588785045
30.695327102803738
32.98317757009346
35.17570093457944
36.89158878504673
42.89719626168224
40.32336448598131
36.60560747663551
37.177570093457945
39.37009345794392
41.18130841121496
42.22990654205608
40.32336448598131
42.134579439252335
41.94392523364486
41.27663551401869
36.22429906542056
35.84299065420561
36.22429906542056
37.5588785046729
40.51401869158879
38.7981308411215
38.51214953271028
39.37009345794392
37.94018691588785
39.5607476635514
40.51401869158879
38.13084112149533
34.603738317757006
34.03177570093458
43.65981308411215
49.85607476635514
59.48411214953271
59.29345794392523
52.62056074766355
44.80373831775701
42.61121495327103
44.80373831775701
47.18691588785047
44.70841121495327
42.0392523364486
40.89532710280374
33.65046728971963
30.885981308411214
29.45607476635514
29.742056074766356
28.598130841121495
28.40747663551402
30.885981308411214
32.12523364485981
30.12336448598131
25.92897196261682
28.78878504672897
27.16822429906542
26.310280373831777
28.979439252336448
44.99439252336449
58.626168224299064
48.80747663551402
32.12523364485981
20.49532710280374
18.588785046728972
16.96822429906542
17.254205607476635
17.44485981308411
16.110280373831777
15.824299065420561
17.921495327102804
22.497196261682245
23.450467289719626
30.981308411214954
30.50467289719626
19.732710280373833
11.057943925233644
8.388785046728971
5.14766355140187
2.097196261682243
2.0018691588785047
1.6205607476635513
1.5252336448598132
0.7626168224299066
1.1439252336448598
0.7626168224299066
0.7626168224299066
0.4766355140186916
0.4766355140186916
0.28598130841121494
0.19065420560747665
0.3813084112149533
0.7626168224299066
0.6672897196261682
0.5719626168224299
0.7626168224299066
0.6672897196261682
0.6672897196261682
0.6672897196261682
0.5719626168224299
0.4766355140186916
0.8579439252336448
0.7626168224299066
0.3813084112149533
0.3813084112149533
0.5719626168224299
0.6672897196261682
0.3813084112149533
0.4766355140186916
0.9532710280373832
1.1439252336448598
1.1439252336448598
0.6672897196261682
0.8579439252336448
0.9532710280373832
1.2392523364485981
1.3345794392523365
1.1439252336448598
0.6672897196261682
0.5719626168224299
0.7626168224299066
0.5719626168224299
0.3813084112149533
0.3813084112149533
0.4766355140186916
0.6672897196261682
0.5719626168224299
0.7626168224299066
0.6672897196261682
0.4766355140186916
0.4766355140186916
0.4766355140186916
0.3813084112149533
0.28598130841121494
0.28598130841121494
0.8579439252336448
0.9532710280373832
0.9532710280373832
0.6672897196261682
0.5719626168224299
0.3813084112149533
0.3813084112149533
0.28598130841121494
0.3813084112149533
0.4766355140186916
0.5719626168224299
0.4766355140186916
0.3813084112149533
0.28598130841121494
0.5719626168224299
0.3813084112149533
0.3813084112149533
0.6672897196261682
0.6672897196261682
0.3813084112149533
0.19065420560747665
0.4766355140186916
0.6672897196261682
0.4766355140186916
0.7626168224299066
0.8579439252336448
0.7626168224299066
0.4766355140186916
0.3813084112149533
0.7626168224299066
0.6672897196261682
0.9532710280373832
0.8579439252336448
0.9532710280373832
0.5719626168224299
0.3813084112149533
0.5719626168224299
1.3345794392523365
2.573831775700935
YAAAAAAAAAAAAAAAAAAAAAAAAA!
4.289719626168225
2.383177570093458
5.242990654205608
8.198130841121495
14.489719626168224
19.92336448598131
23.069158878504673
25.166355140186916
29.742056074766356
33.45981308411215
30.12336448598131
29.646728971962617
26.69158878504673
28.598130841121495
35.55700934579439
41.467289719626166
47.472897196261684
41.56261682242991
35.17570093457944
31.362616822429906
35.17570093457944
38.7981308411215
45.37570093457944
46.99626168224299
38.702803738317755
34.69906542056075
34.50841121495327
34.12710280373832
34.03177570093458
37.5588785046729
39.65607476635514
41.27663551401869
46.805607476635515
48.04485981308411
43.56448598130841
36.700934579439256
36.319626168224296
32.98317757009346
31.17196261682243
29.45607476635514
30.6
33.36448598130841
41.56261682242991
51.47663551401869
62.72523364485981
58.53084112149533
55.09906542056075
42.70654205607477
39.942056074766356
40.22803738317757
39.17943925233645
34.985046728971966
32.12523364485981
26.1196261682243
28.598130841121495
38.3214953271028
42.51588785046729
46.23364485981308
46.04299065420561
42.42056074766355
34.603738317757006
33.17383177570093
30.695327102803738
26.310280373831777
22.401869158878505
22.21121495327103
22.020560747663552
26.214953271028037
35.36635514018692
39.08411214953271
44.23177570093458
36.03364485981309
26.786915887850466
18.77943925233645
16.96822429906542
18.016822429906544
18.68411214953271
17.06355140186916
18.302803738317756
21.925233644859812
29.265420560747664
38.893457943925235
38.41682242990654
37.08224299065421
24.499065420560747
11.057943925233644
5.814953271028037
5.719626168224299
2.9551401869158878
2.8598130841121496
2.4785046728971962
1.6205607476635513
1.811214953271028
1.2392523364485981
1.0485981308411214
0.8579439252336448
0.3813084112149533
0.3813084112149533
0.4766355140186916
0.4766355140186916
0.3813084112149533
0.3813084112149533
0.28598130841121494
0.28598130841121494
0.09532710280373832
0.0
0.0
0.6672897196261682
1.0485981308411214
0.8579439252336448
0.6672897196261682
0.4766355140186916
0.19065420560747665
0.19065420560747665
0.28598130841121494
0.19065420560747665
0.28598130841121494
0.4766355140186916
0.5719626168224299
0.5719626168224299
0.5719626168224299
0.4766355140186916
0.3813084112149533
0.3813084112149533
0.3813084112149533
0.19065420560747665
0.5719626168224299
0.7626168224299066
1.6205607476635513
1.4299065420560748
0.9532710280373832
0.4766355140186916
0.28598130841121494
0.3813084112149533
0.6672897196261682
0.9532710280373832
0.5719626168224299
0.5719626168224299
0.4766355140186916
0.6672897196261682
1.0485981308411214
1.0485981308411214
0.7626168224299066
1.0485981308411214
0.6672897196261682
0.3813084112149533
0.19065420560747665
0.19065420560747665
0.09532710280373832
0.3813084112149533
0.7626168224299066
0.9532710280373832
0.4766355140186916
0.3813084112149533
0.28598130841121494
0.09532710280373832
0.3813084112149533
0.4766355140186916
0.6672897196261682
0.5719626168224299
0.4766355140186916
0.4766355140186916
0.4766355140186916
0.6672897196261682
1.3345794392523365
1.3345794392523365
0.8579439252336448
0.9532710280373832
0.09532710280373832
0.28598130841121494
0.8579439252336448
0.9532710280373832
0.8579439252336448
0.6672897196261682
0.5719626168224299
0.28598130841121494
0.19065420560747665
0.4766355140186916
1.0485981308411214
1.811214953271028
2.097196261682243
YAAAAAAAAAAAAAAAAAAAAAAAAA!
2.573831775700935
2.383177570093458
2.764485981308411
2.2878504672897195
3.908411214953271
7.054205607476636
15.25233644859813
21.925233644859812
27.74018691588785
32.79252336448598
30.12336448598131
30.02803738317757
28.31214953271028
33.555140186915885
37.84485981308411
33.45981308411215
36.986915887850465
44.70841121495327
49.95140186915888
46.42429906542056
38.3214953271028
39.84672897196262
46.42429906542056
55.76635514018692
53.478504672897195
43.94579439252337
37.74953271028038
38.60747663551402
38.60747663551402
37.46355140186916
40.70467289719626
42.89719626168224
41.84859813084112
39.5607476635514
43.2785046728972
44.61308411214953
44.23177570093458
43.373831775700936
43.2785046728972
42.134579439252335
43.94579439252337
46.71028037383178
58.91214953271028
64.05981308411215
57.57757009345794
53.28785046728972
51.953271028037385
48.330841121495325
37.84485981308411
31.648598130841123
30.314018691588785
28.121495327102803
27.263551401869158
27.263551401869158
31.362616822429906
35.461682242990655
40.8
42.22990654205608
48.80747663551402
47.18691588785047
38.702803738317755
28.979439252336448
31.8392523364486
34.03177570093458
35.938317757009344
33.555140186915885
29.55140186915888
28.31214953271028
26.69158878504673
33.745794392523365
40.89532710280374
42.99252336448598
33.45981308411215
23.069158878504673
18.87476635514019
19.065420560747665
18.68411214953271
20.49532710280374
19.446728971962617
18.016822429906544
17.254205607476635
19.351401869158877
25.261682242990656
42.325233644859814
53.85981308411215
46.805607476635515
25.261682242990656
15.347663551401869
9.914018691588785
7.34018691588785
5.242990654205608
4.003738317757009
2.8598130841121496
2.097196261682243
2.2878504672897195
1.5252336448598132
1.6205607476635513
1.1439252336448598
0.09532710280373832
0.6672897196261682
0.8579439252336448
0.7626168224299066
0.3813084112149533
0.4766355140186916
0.5719626168224299
0.9532710280373832
1.3345794392523365
0.4766355140186916
0.28598130841121494
0.19065420560747665
0.09532710280373832
0.19065420560747665
0.19065420560747665
0.19065420560747665
0.9532710280373832
0.28598130841121494
0.3813084112149533
0.6672897196261682
0.5719626168224299
0.4766355140186916
0.4766355140186916
0.7626168224299066
1.1439252336448598
0.9532710280373832
0.4766355140186916
0.3813084112149533
0.4766355140186916
0.6672897196261682
1.2392523364485981
1.2392523364485981
1.2392523364485981
0.09532710280373832
0.8579439252336448
1.3345794392523365
0.9532710280373832
0.5719626168224299
0.3813084112149533
0.3813084112149533
0.3813084112149533
0.4766355140186916
0.3813084112149533
0.19065420560747665
0.19065420560747665
0.19065420560747665
0.28598130841121494
0.4766355140186916
0.5719626168224299
0.8579439252336448
0.9532710280373832
0.8579439252336448
0.7626168224299066
0.6672897196261682
0.4766355140186916
0.19065420560747665
0.28598130841121494
0.9532710280373832
1.3345794392523365
1.6205607476635513
0.9532710280373832
0.5719626168224299
0.4766355140186916
0.4766355140186916
0.4766355140186916
0.7626168224299066
0.6672897196261682
0.4766355140186916
0.4766355140186916
0.28598130841121494
0.3813084112149533
0.28598130841121494
0.4766355140186916
0.8579439252336448
0.8579439252336448
0.9532710280373832
0.4766355140186916
0.5719626168224299
0.6672897196261682
0.9532710280373832
1.2392523364485981
0.9532710280373832
0.8579439252336448
1.0485981308411214
1.4299065420560748
2.383177570093458
YAAAAAAAAAAAAAAAAAAAAAAAAA!
4.003738317757009
3.1457943925233645
4.671028037383177
4.0990654205607475
7.34018691588785
14.299065420560748
21.54392523364486
26.69158878504673
31.07663551401869
32.79252336448598
34.3177570093458
30.314018691588785
28.88411214953271
30.790654205607478
32.79252336448598
37.5588785046729
41.08598130841121
40.70467289719626
37.5588785046729
38.60747663551402
43.2785046728972
47.7588785046729
50.61869158878505
49.7607476635514
47.94953271028037
43.08785046728972
36.89158878504673
40.51401869158879
43.08785046728972
39.942056074766356
41.27663551401869
43.08785046728972
44.70841121495327
44.041121495327104
47.37757009345794
45.18504672897196
40.99065420560748
41.56261682242991
44.23177570093458
42.8018691588785
42.51588785046729
40.418691588785045
39.27476635514019
43.46915887850467
52.14392523364486
57.86355140186916
53.001869158878506
46.5196261682243
40.99065420560748
40.22803738317757
44.61308411214953
47.56822429906542
52.33457943925234
50.52336448598131
44.041121495327104
35.36635514018692
34.985046728971966
41.08598130841121
40.32336448598131
37.177570093457945
29.265420560747664
30.695327102803738
32.697196261682244
34.69906542056075
34.794392523364486
30.12336448598131
28.31214953271028
28.40747663551402
29.265420560747664
29.45607476635514
32.88785046728972
33.078504672897196
30.314018691588785
30.02803738317757
27.16822429906542
25.833644859813084
20.87663551401869
20.59065420560748
21.162616822429907
20.49532710280374
19.732710280373833
23.16448598130841
30.790654205607478
41.27663551401869
43.46915887850467
30.12336448598131
19.82803738317757
16.205607476635514
10.485981308411215
5.9102803738317755
4.575700934579439
2.9551401869158878
3.0504672897196263
2.669158878504673
3.0504672897196263
1.6205607476635513
1.6205607476635513
0.7626168224299066
0.3813084112149533
0.3813084112149533
0.4766355140186916
0.5719626168224299
0.6672897196261682
0.8579439252336448
0.9532710280373832
0.6672897196261682
0.4766355140186916
0.6672897196261682
0.9532710280373832
0.8579439252336448
0.7626168224299066
0.5719626168224299
0.7626168224299066
1.1439252336448598
0.5719626168224299
0.19065420560747665
0.3813084112149533
0.3813084112149533
0.3813084112149533
0.4766355140186916
0.28598130841121494
0.7626168224299066
0.7626168224299066
1.0485981308411214
1.0485981308411214
0.7626168224299066
0.6672897196261682
0.3813084112149533
0.09532710280373832
0.19065420560747665
0.5719626168224299
0.5719626168224299
0.5719626168224299
0.3813084112149533
0.28598130841121494
0.19065420560747665
0.09532710280373832
0.3813084112149533
0.4766355140186916
0.7626168224299066
0.28598130841121494
0.28598130841121494
0.4766355140186916
0.7626168224299066
0.9532710280373832
0.6672897196261682
0.6672897196261682
0.4766355140186916
0.3813084112149533
0.4766355140186916
0.5719626168224299
0.3813084112149533
0.28598130841121494
0.19065420560747665
0.28598130841121494
0.28598130841121494
0.5719626168224299
0.7626168224299066
0.8579439252336448
0.9532710280373832
0.4766355140186916
0.5719626168224299
0.9532710280373832
0.3813084112149533
0.3813084112149533
0.6672897196261682
0.8579439252336448
0.8579439252336448
0.9532710280373832
0.6672897196261682
0.4766355140186916
0.5719626168224299
0.4766355140186916
0.5719626168224299
1.3345794392523365
1.0485981308411214
1.0485981308411214
0.8579439252336448
0.19065420560747665
0.7626168224299066
1.2392523364485981
1.2392523364485981
1.811214953271028
1.6205607476635513
2.0018691588785047
YAAAAAAAAAAAAAAAAAAAAAAAAA!
1.811214953271028
3.2411214953271026
YAAAAAAAAAAAAAAAAAAAAAAAAA!
6.577570093457944
12.869158878504672
19.92336448598131
24.97570093457944
23.450467289719626
24.594392523364487
24.30841121495327
24.30841121495327
29.074766355140188
34.69906542056075
35.65233644859813
33.745794392523365
34.03177570093458
37.36822429906542
42.8018691588785
47.854205607476636
52.811214953271026
51.762616822429905
46.90093457943925
47.7588785046729
44.80373831775701
37.08224299065421
32.88785046728972
30.790654205607478
36.41495327102804
38.035514018691586
40.609345794392524
40.13271028037383
37.84485981308411
37.08224299065421
38.98878504672897
40.99065420560748
43.183177570093456
43.373831775700936
40.03738317757009
36.319626168224296
36.319626168224296
43.183177570093456
44.51775700934579
39.751401869158876
40.8
45.47102803738318
44.99439252336449
45.94766355140187
46.805607476635515
49.85607476635514
46.32897196261682
44.041121495327104
42.0392523364486
42.51588785046729
37.654205607476634
35.461682242990655
37.94018691588785
43.46915887850467
42.42056074766355
37.08224299065421
33.745794392523365
34.03177570093458
37.27289719626168
36.41495327102804
33.65046728971963
30.50467289719626
29.646728971962617
26.310280373831777
24.30841121495327
29.3607476635514
35.36635514018692
36.03364485981309
27.454205607476634
25.357009345794392
20.209345794392522
18.11214953271028
17.254205607476635
17.1588785046729
18.302803738317756
16.872897196261682
18.398130841121496
20.114018691588786
27.549532710280374
32.88785046728972
34.69906542056075
30.12336448598131
27.549532710280374
22.973831775700933
15.157009345794393
7.244859813084112
3.7177570093457946
2.8598130841121496
1.7158878504672896
1.811214953271028
2.0018691588785047
YAAAAAAAAAAAAAAAAAAAAAAAAA!
1.2392523364485981
1.0485981308411214
0.5719626168224299
0.5719626168224299
0.7626168224299066
0.6672897196261682
0.5719626168224299
0.4766355140186916
0.4766355140186916
0.4766355140186916
0.3813084112149533
0.3813084112149533
0.28598130841121494
0.4766355140186916
0.7626168224299066
0.6672897196261682
0.5719626168224299
0.5719626168224299
0.4766355140186916
0.28598130841121494
0.5719626168224299
0.9532710280373832
0.6672897196261682
0.3813084112149533
0.28598130841121494
0.5719626168224299
0.6672897196261682
0.7626168224299066
0.6672897196261682
0.5719626168224299
0.5719626168224299
0.6672897196261682
0.8579439252336448
1.1439252336448598
1.0485981308411214
0.8579439252336448
0.5719626168224299
0.3813084112149533
0.28598130841121494
0.3813084112149533
0.28598130841121494
0.7626168224299066
0.8579439252336448
0.6672897196261682
0.28598130841121494
0.19065420560747665
0.7626168224299066
0.8579439252336448
0.3813084112149533
0.3813084112149533
0.3813084112149533
0.4766355140186916
0.4766355140186916
0.4766355140186916
0.19065420560747665
0.28598130841121494
0.5719626168224299
0.5719626168224299
0.28598130841121494
0.4766355140186916
0.6672897196261682
0.5719626168224299
0.6672897196261682
0.8579439252336448
0.8579439252336448
0.6672897196261682
0.4766355140186916
0.5719626168224299
0.6672897196261682
0.6672897196261682
0.8579439252336448
1.0485981308411214
0.6672897196261682
0.4766355140186916
0.3813084112149533
0.5719626168224299
0.6672897196261682
0.8579439252336448
0.7626168224299066
0.6672897196261682
0.4766355140186916
0.4766355140186916
0.7626168224299066
0.7626168224299066
1.1439252336448598
0.9532710280373832
0.7626168224299066
0.4766355140186916
1.5252336448598132
2.2878504672897195
YAAAAAAAAAAAAAAAAAAAAAAAAA!
1.9065420560747663
2.0018691588785047
YAAAAAAAAAAAAAAAAAAAAAAAAA!
4.385046728971963
6.7682242990654204
13.155140186915888
19.25607476635514
25.357009345794392
26.500934579439253
25.833644859813084
28.693457943925235
27.263551401869158
28.216822429906543
27.930841121495327
24.594392523364487
26.59626168224299
30.12336448598131
37.84485981308411
42.61121495327103
53.001869158878506
53.001869158878506
49.85607476635514
49.570093457943926
51.57196261682243
52.62056074766355
46.42429906542056
38.41682242990654
34.603738317757006
35.0803738317757
38.51214953271028
40.32336448598131
37.46355140186916
35.74766355140187
37.08224299065421
36.79626168224299
36.41495327102804
40.03738317757009
42.325233644859814
44.32710280373832
41.27663551401869
38.98878504672897
39.65607476635514
39.17943925233645
43.65981308411215
45.85233644859813
41.75327102803738
35.65233644859813
29.646728971962617
30.02803738317757
30.885981308411214
30.12336448598131
33.745794392523365
38.7981308411215
46.5196261682243
48.04485981308411
47.56822429906542
48.42616822429907
42.51588785046729
32.79252336448598
26.786915887850466
26.214953271028037
26.786915887850466
26.882242990654206
29.646728971962617
25.452336448598132
20.781308411214955
20.018691588785046
20.59065420560748
26.59626168224299
38.51214953271028
38.51214953271028
28.026168224299067
16.014953271028038
13.536448598130841
13.727102803738317
13.822429906542055
14.108411214953271
14.394392523364486
13.441121495327103
13.631775700934579
13.917757009345795
17.921495327102804
24.022429906542055
37.27289719626168
39.84672897196262
29.074766355140188
11.725233644859813
6.196261682242991
5.719626168224299
4.480373831775701
2.9551401869158878
3.527102803738318
2.097196261682243
0.9532710280373832
1.7158878504672896
1.6205607476635513
1.1439252336448598
0.6672897196261682
0.4766355140186916
0.28598130841121494
0.9532710280373832
0.5719626168224299
0.6672897196261682
0.9532710280373832
1.0485981308411214
0.5719626168224299
0.5719626168224299
0.7626168224299066
0.8579439252336448
0.6672897196261682
0.4766355140186916
0.5719626168224299
0.6672897196261682
0.7626168224299066
0.6672897196261682
0.8579439252336448
0.09532710280373832
0.28598130841121494
0.5719626168224299
0.5719626168224299
0.09532710280373832
0.0
0.09532710280373832
0.6672897196261682
0.6672897196261682
0.5719626168224299
0.3813084112149533
0.28598130841121494
0.28598130841121494
0.4766355140186916
0.4766355140186916
0.4766355140186916
0.6672897196261682
0.4766355140186916
0.19065420560747665
0.0
0.09532710280373832
0.3813084112149533
0.5719626168224299
0.8579439252336448
0.9532710280373832
0.7626168224299066
0.6672897196261682
0.6672897196261682
0.5719626168224299
0.8579439252336448
0.7626168224299066
0.7626168224299066
0.7626168224299066
0.7626168224299066
0.8579439252336448
0.8579439252336448
0.7626168224299066
0.4766355140186916
0.5719626168224299
0.5719626168224299
0.4766355140186916
0.4766355140186916
0.4766355140186916
0.5719626168224299
0.7626168224299066
0.8579439252336448
0.5719626168224299
0.28598130841121494
0.09532710280373832
0.28598130841121494
0.5719626168224299
0.7626168224299066
0.5719626168224299
0.3813084112149533
0.3813084112149533
0.4766355140186916
0.28598130841121494
0.19065420560747665
0.3813084112149533
0.3813084112149533
0.4766355140186916
0.5719626168224299
0.4766355140186916
0.7626168224299066
1.1439252336448598
1.6205607476635513
3.336448598130841
YAAAAAAAAAAAAAAAAAAAAAAAAA!
2.1925233644859814
2.097196261682243
2.573831775700935
3.8130841121495327
6.577570093457944
11.534579439252337
15.9196261682243
18.016822429906544
17.730841121495327
17.730841121495327
23.641121495327102
31.8392523364486
35.0803738317757
29.932710280373833
22.306542056074765
21.829906542056076
24.499065420560747
32.41121495327103
38.98878504672897
42.22990654205608
39.08411214953271
37.177570093457945
39.751401869158876
39.37009345794392
40.32336448598131
40.418691588785045
39.5607476635514
35.55700934579439
32.41121495327103
33.078504672897196
38.60747663551402
37.84485981308411
39.37009345794392
38.41682242990654
34.413084112149534
32.79252336448598
29.074766355140188
34.69906542056075
34.794392523364486
35.461682242990655
32.41121495327103
35.938317757009344
41.75327102803738
47.282242990654204
52.429906542056074
51.38130841121495
44.70841121495327
42.325233644859814
48.23551401869159
48.42616822429907
42.22990654205608
32.12523364485981
32.12523364485981
28.026168224299067
30.50467289719626
33.65046728971963
28.979439252336448
29.3607476635514
32.506542056074764
37.36822429906542
37.27289719626168
33.17383177570093
31.17196261682243
24.689719626168223
22.59252336448598
20.304672897196262
19.637383177570094
21.734579439252336
24.117757009345794
32.41121495327103
39.942056074766356
41.84859813084112
35.461682242990655
28.026168224299067
16.872897196261682
16.96822429906542
18.68411214953271
17.44485981308411
17.1588785046729
16.872897196261682
16.300934579439254
19.065420560747665
23.25981308411215
35.461682242990655
36.22429906542056
34.03177570093458
25.166355140186916
11.248598130841122
8.102803738317757
7.149532710280374
4.9570093457943925
4.671028037383177
4.194392523364486
3.622429906542056
2.4785046728971962
1.6205607476635513
1.5252336448598132
1.3345794392523365
0.7626168224299066
0.6672897196261682
0.8579439252336448
0.9532710280373832
0.5719626168224299
0.3813084112149533
0.28598130841121494
0.19065420560747665
0.3813084112149533
0.5719626168224299
0.4766355140186916
0.4766355140186916
0.5719626168224299
0.6672897196261682
0.5719626168224299
0.6672897196261682
0.4766355140186916
0.4766355140186916
0.4766355140186916
0.28598130841121494
0.3813084112149533
0.3813084112149533
0.4766355140186916
0.6672897196261682
0.5719626168224299
0.3813084112149533
0.28598130841121494
0.28598130841121494
0.09532710280373832
0.19065420560747665
0.4766355140186916
0.5719626168224299
0.28598130841121494
0.28598130841121494
0.28598130841121494
0.3813084112149533
0.28598130841121494
0.5719626168224299
0.9532710280373832
0.4766355140186916
0.3813084112149533
0.19065420560747665
0.28598130841121494
0.5719626168224299
0.5719626168224299
0.19065420560747665
0.3813084112149533
0.28598130841121494
0.3813084112149533
0.6672897196261682
0.5719626168224299
0.6672897196261682
0.5719626168224299
0.7626168224299066
0.5719626168224299
0.28598130841121494
0.3813084112149533
0.3813084112149533
0.3813084112149533
0.5719626168224299
0.6672897196261682
0.9532710280373832
0.7626168224299066
0.3813084112149533
0.3813084112149533
0.4766355140186916
0.6672897196261682
0.7626168224299066
0.9532710280373832
0.9532710280373832
0.8579439252336448
0.6672897196261682
0.7626168224299066
1.1439252336448598
1.0485981308411214
0.3813084112149533
0.3813084112149533
0.4766355140186916
0.3813084112149533
0.28598130841121494
0.6672897196261682
0.6672897196261682
0.8579439252336448
0.8579439252336448
1.811214953271028
2.383177570093458
YAAAAAAAAAAAAAAAAAAAAAAAAA!
2.0018691588785047
2.2878504672897195
3.908411214953271
7.435514018691589
10.009345794392523
14.299065420560748
19.1607476635514
20.59065420560748
21.6392523364486
29.932710280373833
33.93644859813084
34.88971962616822
29.932710280373833
25.642990654205608
25.547663551401868
32.506542056074764
39.942056074766356
46.5196261682243
41.75327102803738
38.893457943925235
38.60747663551402
41.467289719626166
43.46915887850467
42.22990654205608
39.08411214953271
37.36822429906542
33.45981308411215
32.31588785046729
30.6
31.934579439252335
32.41121495327103
37.74953271028038
40.89532710280374
42.22990654205608
40.51401869158879
39.08411214953271
36.510280373831776
40.13271028037383
39.942056074766356
38.702803738317755
36.700934579439256
35.271028037383175
36.89158878504673
40.51401869158879
41.18130841121496
45.2803738317757
48.330841121495325
51.762616822429905
46.99626168224299
40.32336448598131
32.41121495327103
33.93644859813084
40.418691588785045
42.8018691588785
38.702803738317755
29.742056074766356
24.8803738317757
24.785046728971963
28.216822429906543
28.88411214953271
26.977570093457945
25.642990654205608
27.072897196261682
26.500934579439253
25.07102803738318
25.166355140186916
24.30841121495327
29.932710280373833
40.13271028037383
50.42803738317757
65.48971962616822
65.01308411214953
42.99252336448598
28.216822429906543
19.25607476635514
18.588785046728972
17.254205607476635
19.446728971962617
19.351401869158877
19.542056074766354
20.87663551401869
22.878504672897197
27.64485981308411
28.88411214953271
25.547663551401868
19.92336448598131
11.91588785046729
9.05607476635514
6.7682242990654204
3.336448598130841
3.4317757009345793
2.573831775700935
2.0018691588785047
1.6205607476635513
1.6205607476635513
1.7158878504672896
1.3345794392523365
1.0485981308411214
0.9532710280373832
0.9532710280373832
0.6672897196261682
0.5719626168224299
0.6672897196261682
0.5719626168224299
0.4766355140186916
0.28598130841121494
0.09532710280373832
0.28598130841121494
0.4766355140186916
0.6672897196261682
0.9532710280373832
1.0485981308411214
0.9532710280373832
1.3345794392523365
0.6672897196261682
0.4766355140186916
1.3345794392523365
1.7158878504672896
1.3345794392523365
0.9532710280373832
0.7626168224299066
0.7626168224299066
0.8579439252336448
0.8579439252336448
1.1439252336448598
1.2392523364485981
0.8579439252336448
0.7626168224299066
0.7626168224299066
0.7626168224299066
0.8579439252336448
0.9532710280373832
1.1439252336448598
0.5719626168224299
0.5719626168224299
0.5719626168224299
0.6672897196261682
1.0485981308411214
1.3345794392523365
1.1439252336448598
1.1439252336448598
0.6672897196261682
0.3813084112149533
0.19065420560747665
0.3813084112149533
0.8579439252336448
0.7626168224299066
0.5719626168224299
0.4766355140186916
0.3813084112149533
0.19065420560747665
0.19065420560747665
0.9532710280373832
1.1439252336448598
1.0485981308411214
0.9532710280373832
0.9532710280373832
0.5719626168224299
0.5719626168224299
0.6672897196261682
0.7626168224299066
1.1439252336448598
0.8579439252336448
0.7626168224299066
0.6672897196261682
0.8579439252336448
0.6672897196261682
0.9532710280373832
0.9532710280373832
0.9532710280373832
0.9532710280373832
0.7626168224299066
0.7626168224299066
0.5719626168224299
0.8579439252336448
1.0485981308411214
0.9532710280373832
0.5719626168224299
0.4766355140186916
0.7626168224299066
1.6205607476635513
2.383177570093458
YAAAAAAAAAAAAAAAAAAAAAAAAA!
2.9551401869158878
2.0018691588785047
2.573831775700935
4.194392523364486
6.482242990654205
10.77196261682243
17.06355140186916
20.49532710280374
21.44859813084112
22.68785046728972
26.1196261682243
35.0803738317757
35.36635514018692
31.457943925233646
26.310280373831777
23.25981308411215
28.979439252336448
35.938317757009344
39.27476635514019
41.56261682242991
44.32710280373832
44.42242990654206
38.035514018691586
39.08411214953271
43.56448598130841
43.75514018691589
38.3214953271028
35.74766355140187
31.17196261682243
30.12336448598131
32.31588785046729
34.69906542056075
39.37009345794392
45.566355140186914
45.089719626168225
41.37196261682243
38.41682242990654
42.70654205607477
45.37570093457944
42.325233644859814
38.7981308411215
36.510280373831776
35.0803738317757
33.8411214953271
36.79626168224299
44.42242990654206
59.77009345794392
76.92897196261683
75.02242990654206
70.35140186915888
47.18691588785047
36.510280373831776
29.3607476635514
27.930841121495327
26.69158878504673
26.405607476635513
28.121495327102803
28.693457943925235
32.88785046728972
42.51588785046729
50.237383177570095
50.33271028037383
35.65233644859813
29.837383177570093
30.6
28.40747663551402
27.358878504672898
24.30841121495327
24.499065420560747
24.022429906542055
25.642990654205608
32.697196261682244
39.37009345794392
37.177570093457945
28.31214953271028
21.6392523364486
20.209345794392522
19.637383177570094
20.114018691588786
17.254205607476635
18.11214953271028
19.542056074766354
25.547663551401868
30.40934579439252
39.942056074766356
43.08785046728972
39.65607476635514
21.257943925233644
10.009345794392523
3.622429906542056
2.8598130841121496
2.669158878504673
3.336448598130841
3.336448598130841
2.4785046728971962
2.097196261682243
1.5252336448598132
0.6672897196261682
0.4766355140186916
0.6672897196261682
1.0485981308411214
0.8579439252336448
0.6672897196261682
0.5719626168224299
0.7626168224299066
0.8579439252336448
0.8579439252336448
1.2392523364485981
1.4299065420560748
0.9532710280373832
0.8579439252336448
0.3813084112149533
0.5719626168224299
0.4766355140186916
0.4766355140186916
0.8579439252336448
1.0485981308411214
0.3813084112149533
0.19065420560747665
0.3813084112149533
0.6672897196261682
1.2392523364485981
0.19065420560747665
0.6672897196261682
0.3813084112149533
0.8579439252336448
0.4766355140186916
0.5719626168224299
0.19065420560747665
0.7626168224299066
1.0485981308411214
0.8579439252336448
0.6672897196261682
0.3813084112149533
0.5719626168224299
1.0485981308411214
1.0485981308411214
1.0485981308411214
0.4766355140186916
0.6672897196261682
0.09532710280373832
0.6672897196261682
0.7626168224299066
1.3345794392523365
0.9532710280373832
0.8579439252336448
0.7626168224299066
0.5719626168224299
0.4766355140186916
0.6672897196261682
0.8579439252336448
1.5252336448598132
1.6205607476635513
1.2392523364485981
0.5719626168224299
0.5719626168224299
1.1439252336448598
1.6205607476635513
0.9532710280373832
0.8579439252336448
0.8579439252336448
0.5719626168224299
0.4766355140186916
0.5719626168224299
0.6672897196261682
0.9532710280373832
0.8579439252336448
1.3345794392523365
1.4299065420560748
1.4299065420560748
0.8579439252336448
0.4766355140186916
0.5719626168224299
0.9532710280373832
1.5252336448598132
1.1439252336448598
0.4766355140186916
0.28598130841121494
0.7626168224299066
1.3345794392523365
1.811214953271028
1.3345794392523365
2.9551401869158878
YAAAAAAAAAAAAAAAAAAAAAAAAA!
2.669158878504673
3.1457943925233645
2.669158878504673
2.764485981308411
5.624299065420561
9.151401869158878
14.966355140186916
19.82803738317757
21.6392523364486
22.59252336448598
27.072897196261682
31.07663551401869
34.69906542056075
39.65607476635514
37.27289719626168
34.88971962616822
31.457943925233646
35.938317757009344
41.27663551401869
45.66168224299066
40.99065420560748
36.03364485981309
32.41121495327103
33.93644859813084
39.5607476635514
48.521495327102805
51.57196261682243
45.47102803738318
34.69906542056075
29.3607476635514
29.45607476635514
32.31588785046729
36.60560747663551
41.18130841121496
43.65981308411215
40.99065420560748
41.84859813084112
48.23551401869159
43.94579439252337
42.134579439252335
40.8
36.700934579439256
35.74766355140187
35.65233644859813
35.461682242990655
42.70654205607477
51.57196261682243
63.773831775700934
68.6355140186916
53.09719626168224
45.2803738317757
34.222429906542054
37.177570093457945
46.614953271028035
50.52336448598131
43.56448598130841
32.60186915887851
30.12336448598131
27.74018691588785
27.358878504672898
33.65046728971963
38.035514018691586
36.700934579439256
36.319626168224296
29.742056074766356
27.16822429906542
23.545794392523366
25.833644859813084
30.885981308411214
31.553271028037383
28.78878504672897
28.979439252336448
30.885981308411214
27.64485981308411
29.742056074766356
29.170093457943924
24.117757009345794
20.49532710280374
19.542056074766354
19.542056074766354
19.82803738317757
20.4
24.689719626168223
32.31588785046729
38.893457943925235
46.13831775700935
45.566355140186914
30.40934579439252
16.110280373831777
8.388785046728971
6.386915887850467
4.861682242990654
3.1457943925233645
2.9551401869158878
4.480373831775701
1.0485981308411214
1.4299065420560748
1.6205607476635513
1.6205607476635513
1.2392523364485981
0.7626168224299066
0.3813084112149533
0.4766355140186916
0.8579439252336448
0.9532710280373832
1.2392523364485981
1.0485981308411214
0.8579439252336448
0.5719626168224299
0.6672897196261682
0.4766355140186916
0.5719626168224299
0.7626168224299066
0.6672897196261682
0.5719626168224299
0.5719626168224299
0.4766355140186916
0.5719626168224299
0.9532710280373832
0.9532710280373832
0.8579439252336448
0.4766355140186916
0.3813084112149533
0.3813084112149533
0.9532710280373832
1.0485981308411214
1.0485981308411214
1.2392523364485981
1.2392523364485981
1.0485981308411214
0.9532710280373832
0.4766355140186916
0.4766355140186916
1.2392523364485981
1.5252336448598132
0.9532710280373832
0.3813084112149533
0.09532710280373832
0.28598130841121494
0.6672897196261682
0.9532710280373832
1.1439252336448598
0.9532710280373832
0.9532710280373832
0.4766355140186916
0.28598130841121494
0.28598130841121494
0.6672897196261682
0.8579439252336448
0.6672897196261682
0.7626168224299066
0.28598130841121494
0.0
0.19065420560747665
0.4766355140186916
0.4766355140186916
0.6672897196261682
0.4766355140186916
0.4766355140186916
0.19065420560747665
0.09532710280373832
0.3813084112149533
0.8579439252336448
0.7626168224299066
0.4766355140186916
0.28598130841121494
0.19065420560747665
0.28598130841121494
0.8579439252336448
0.8579439252336448
1.0485981308411214
1.0485981308411214
0.28598130841121494
0.19065420560747665
0.09532710280373832
0.28598130841121494
0.5719626168224299
0.5719626168224299
0.4766355140186916
0.4766355140186916
1.0485981308411214
0.7626168224299066
1.1439252336448598
2.0018691588785047
YAAAAAAAAAAAAAAAAAAAAAAAAA!
3.2411214953271026
2.2878504672897195
2.573831775700935
4.671028037383177
9.62803738317757
12.201869158878505
20.781308411214955
23.450467289719626
26.59626168224299
27.263551401869158
28.31214953271028
29.074766355140188
29.646728971962617
32.697196261682244
31.17196261682243
32.506542056074764
36.79626168224299
39.17943925233645
41.84859813084112
44.51775700934579
45.2803738317757
44.42242990654206
43.65981308411215
44.61308411214953
46.805607476635515
47.37757009345794
45.37570093457944
40.70467289719626
39.46542056074767
34.985046728971966
35.74766355140187
35.17570093457944
35.65233644859813
36.986915887850465
40.609345794392524
42.61121495327103
40.22803738317757
37.84485981308411
36.700934579439256
39.751401869158876
44.13644859813084
49.47476635514019
51.095327102803736
44.80373831775701
43.56448598130841
43.46915887850467
47.282242990654204
44.899065420560746
37.5588785046729
35.0803738317757
36.79626168224299
36.510280373831776
45.2803738317757
44.51775700934579
35.84299065420561
30.218691588785045
32.31588785046729
33.078504672897196
35.36635514018692
34.69906542056075
34.985046728971966
37.5588785046729
34.88971962616822
34.03177570093458
30.314018691588785
25.738317757009344
22.21121495327103
19.732710280373833
20.49532710280374
23.736448598130842
36.03364485981309
46.90093457943925
44.42242990654206
25.166355140186916
17.349532710280375
16.872897196261682
16.586915887850466
16.205607476635514
16.96822429906542
17.1588785046729
16.205607476635514
18.20747663551402
21.54392523364486
28.979439252336448
33.8411214953271
35.461682242990655
25.357009345794392
13.822429906542055
6.291588785046729
5.14766355140187
3.4317757009345793
2.4785046728971962
2.097196261682243
2.1925233644859814
2.669158878504673
1.9065420560747663
1.811214953271028
1.2392523364485981
0.6672897196261682
0.4766355140186916
0.6672897196261682
1.0485981308411214
1.0485981308411214
0.6672897196261682
0.3813084112149533
0.28598130841121494
0.28598130841121494
0.5719626168224299
0.6672897196261682
0.4766355140186916
0.3813084112149533
0.5719626168224299
0.3813084112149533
0.3813084112149533
0.3813084112149533
0.28598130841121494
0.09532710280373832
0.19065420560747665
0.28598130841121494
0.3813084112149533
0.6672897196261682
0.5719626168224299
0.5719626168224299
0.5719626168224299
0.5719626168224299
0.5719626168224299
0.5719626168224299
0.6672897196261682
0.5719626168224299
0.8579439252336448
0.9532710280373832
0.6672897196261682
0.4766355140186916
0.3813084112149533
0.8579439252336448
0.9532710280373832
0.8579439252336448
0.9532710280373832
1.0485981308411214
0.9532710280373832
0.8579439252336448
0.8579439252336448
0.28598130841121494
0.28598130841121494
0.4766355140186916
0.4766355140186916
0.4766355140186916
0.8579439252336448
0.09532710280373832
0.19065420560747665
0.5719626168224299
0.7626168224299066
0.6672897196261682
0.7626168224299066
0.7626168224299066
0.5719626168224299
0.5719626168224299
0.7626168224299066
1.0485981308411214
1.1439252336448598
0.9532710280373832
0.6672897196261682
0.3813084112149533
0.7626168224299066
0.8579439252336448
0.9532710280373832
1.0485981308411214
0.7626168224299066
1.3345794392523365
0.9532710280373832
1.0485981308411214
0.7626168224299066
0.9532710280373832
1.0485981308411214
0.6672897196261682
0.7626168224299066
0.5719626168224299
0.5719626168224299
0.3813084112149533
0.3813084112149533
0.3813084112149533
0.7626168224299066
1.1439252336448598
2.097196261682243
YAAAAAAAAAAAAAAAAAAAAAAAAA!
2.764485981308411
2.4785046728971962
3.8130841121495327
4.194392523364486
6.7682242990654204
10.581308411214954
15.157009345794393
21.925233644859812
23.450467289719626
27.83551401869159
24.40373831775701
27.64485981308411
26.310280373831777
23.545794392523366
28.026168224299067
38.98878504672897
44.041121495327104
46.32897196261682
39.942056074766356
32.41121495327103
29.742056074766356
31.8392523364486
36.22429906542056
36.41495327102804
32.88785046728972
29.646728971962617
31.457943925233646
37.5588785046729
37.84485981308411
36.89158878504673
31.362616822429906
30.885981308411214
33.269158878504676
38.60747663551402
36.41495327102804
29.646728971962617
29.646728971962617
30.790654205607478
34.413084112149534
37.177570093457945
41.84859813084112
40.89532710280374
39.942056074766356
44.61308411214953
45.757009345794394
40.13271028037383
42.22990654205608
49.188785046728974
53.09719626168224
49.570093457943926
38.226168224299066
35.461682242990655
31.8392523364486
27.072897196261682
27.263551401869158
36.319626168224296
37.74953271028038
36.03364485981309
31.934579439252335
32.12523364485981
32.506542056074764
32.220560747663555
24.689719626168223
22.11588785046729
20.685981308411215
21.734579439252336
32.220560747663555
45.94766355140187
64.63177570093458
67.77757009345794
61.77196261682243
44.899065420560746
27.454205607476634
18.398130841121496
15.633644859813083
15.347663551401869
16.014953271028038
14.013084112149533
13.727102803738317
12.773831775700934
12.773831775700934
14.6803738317757
19.065420560747665
19.1607476635514
16.300934579439254
14.6803738317757
10.676635514018692
8.293457943925233
6.577570093457944
3.527102803738318
2.669158878504673
2.669158878504673
2.4785046728971962
1.6205607476635513
1.2392523364485981
0.5719626168224299
1.2392523364485981
1.1439252336448598
1.4299065420560748
0.4766355140186916
0.3813084112149533
0.19065420560747665
0.19065420560747665
0.4766355140186916
0.6672897196261682
0.5719626168224299
0.9532710280373832
0.7626168224299066
0.6672897196261682
0.7626168224299066
0.6672897196261682
0.5719626168224299
0.4766355140186916
0.6672897196261682
0.7626168224299066
0.4766355140186916
0.4766355140186916
0.5719626168224299
1.0485981308411214
0.8579439252336448
0.9532710280373832
0.8579439252336448
0.5719626168224299
0.5719626168224299
1.0485981308411214
1.3345794392523365
1.4299065420560748
0.7626168224299066
0.7626168224299066
0.8579439252336448
0.8579439252336448
0.7626168224299066
1.0485981308411214
0.9532710280373832
0.6672897196261682
0.9532710280373832
0.8579439252336448
0.6672897196261682
0.4766355140186916
0.6672897196261682
0.8579439252336448
0.7626168224299066
0.5719626168224299
0.5719626168224299
0.6672897196261682
0.7626168224299066
0.7626168224299066
0.9532710280373832
0.8579439252336448
0.8579439252336448
0.5719626168224299
0.3813084112149533
0.7626168224299066
0.6672897196261682
0.8579439252336448
0.9532710280373832
0.8579439252336448
0.4766355140186916
0.3813084112149533
0.8579439252336448
0.9532710280373832
1.2392523364485981
0.8579439252336448
0.8579439252336448
0.5719626168224299
0.4766355140186916
0.3813084112149533
0.3813084112149533
0.9532710280373832
0.7626168224299066
0.7626168224299066
0.8579439252336448
0.5719626168224299
0.28598130841121494
0.5719626168224299
0.7626168224299066
1.2392523364485981
1.1439252336448598
0.8579439252336448
0.8579439252336448
0.4766355140186916
1.7158878504672896
2.573831775700935
YAAAAAAAAAAAAAAAAAAAAAAAAA!
2.9551401869158878
2.8598130841121496
3.7177570093457946
4.003738317757009
7.34018691588785
11.629906542056075
20.209345794392522
26.500934579439253
27.16822429906542
27.74018691588785
27.930841121495327
27.454205607476634
30.02803738317757
34.12710280373832
33.078504672897196
32.697196261682244
33.93644859813084
38.98878504672897
41.56261682242991
48.521495327102805
47.472897196261684
46.32897196261682
42.325233644859814
40.32336448598131
38.13084112149533
37.46355140186916
36.12897196261682
36.319626168224296
38.035514018691586
43.75514018691589
45.85233644859813
48.998130841121494
44.80373831775701
38.226168224299066
33.555140186915885
38.51214953271028
42.325233644859814
45.757009345794394
46.13831775700935
40.03738317757009
36.60560747663551
36.89158878504673
37.74953271028038
43.373831775700936
46.32897196261682
47.854205607476636
44.13644859813084
41.08598130841121
36.79626168224299
40.51401869158879
37.94018691588785
39.08411214953271
41.56261682242991
40.32336448598131
31.07663551401869
36.700934579439256
41.84859813084112
42.99252336448598
33.745794392523365
31.457943925233646
32.41121495327103
26.405607476635513
24.97570093457944
24.40373831775701
24.40373831775701
27.263551401869158
31.362616822429906
42.0392523364486
54.81308411214953
51.762616822429905
52.52523364485981
41.94392523364486
27.930841121495327
24.30841121495327
20.018691588785046
17.826168224299064
16.205607476635514
16.586915887850466
16.49158878504673
16.872897196261682
19.542056074766354
26.310280373831777
30.40934579439252
35.84299065420561
35.938317757009344
30.12336448598131
17.1588785046729
8.960747663551402
4.9570093457943925
4.0990654205607475
2.097196261682243
1.7158878504672896
2.2878504672897195
YAAAAAAAAAAAAAAAAAAAAAAAAA!
3.622429906542056
2.573831775700935
1.6205607476635513
0.8579439252336448
0.5719626168224299
0.3813084112149533
0.3813084112149533
0.4766355140186916
0.4766355140186916
0.3813084112149533
0.09532710280373832
0.28598130841121494
0.5719626168224299
0.3813084112149533
0.4766355140186916
0.6672897196261682
0.7626168224299066
0.8579439252336448
0.7626168224299066
0.8579439252336448
0.4766355140186916
0.6672897196261682
1.1439252336448598
1.1439252336448598
0.6672897196261682
0.7626168224299066
0.7626168224299066
0.19065420560747665
0.8579439252336448
0.8579439252336448
0.8579439252336448
0.8579439252336448
0.7626168224299066
0.9532710280373832
0.8579439252336448
0.5719626168224299
0.7626168224299066
0.7626168224299066
0.7626168224299066
0.8579439252336448
0.6672897196261682
0.4766355140186916
0.19065420560747665
0.3813084112149533
0.4766355140186916
0.4766355140186916
1.1439252336448598
0.7626168224299066
0.19065420560747665
0.19065420560747665
0.9532710280373832
1.0485981308411214
1.1439252336448598
1.0485981308411214
1.0485981308411214
0.6672897196261682
1.1439252336448598
1.1439252336448598
0.8579439252336448
0.6672897196261682
0.9532710280373832
0.7626168224299066
0.7626168224299066
0.5719626168224299
0.4766355140186916
0.5719626168224299
0.7626168224299066
0.7626168224299066
1.1439252336448598
0.4766355140186916
0.28598130841121494
0.6672897196261682
0.7626168224299066
0.9532710280373832
1.1439252336448598
1.1439252336448598
1.1439252336448598
0.8579439252336448
0.5719626168224299
0.8579439252336448
0.8579439252336448
1.2392523364485981
1.0485981308411214
0.4766355140186916
0.28598130841121494
0.8579439252336448
1.1439252336448598
1.3345794392523365
1.3345794392523365
2.0018691588785047
YAAAAAAAAAAAAAAAAAAAAAAAAA!
2.097196261682243
2.9551401869158878
2.764485981308411
4.480373831775701
7.435514018691589
13.155140186915888
17.635514018691588
21.257943925233644
23.736448598130842
26.500934579439253
30.314018691588785
31.648598130841123
34.222429906542054
31.648598130841123
30.218691588785045
27.930841121495327
28.502803738317755
29.3607476635514
28.31214953271028
36.319626168224296
42.134579439252335
46.13831775700935
41.37196261682243
38.035514018691586
41.27663551401869
42.325233644859814
40.22803738317757
38.035514018691586
36.22429906542056
35.938317757009344
37.27289719626168
43.46915887850467
46.04299065420561
44.42242990654206
38.702803738317755
37.74953271028038
40.99065420560748
42.51588785046729
37.36822429906542
34.88971962616822
35.65233644859813
39.84672897196262
41.27663551401869
40.89532710280374
47.94953271028037
59.1981308411215
64.53644859813085
67.87289719626168
59.674766355140186
51.57196261682243
45.089719626168225
44.899065420560746
42.325233644859814
41.84859813084112
38.98878504672897
42.8018691588785
43.56448598130841
39.27476635514019
33.17383177570093
36.60560747663551
41.75327102803738
39.37009345794392
34.88971962616822
30.6
25.642990654205608
24.022429906542055
21.067289719626167
21.6392523364486
24.785046728971963
32.41121495327103
31.934579439252335
28.979439252336448
36.60560747663551
41.27663551401869
31.8392523364486
22.11588785046729
19.25607476635514
20.018691588785046
20.018691588785046
19.351401869158877
17.826168224299064
20.97196261682243
26.310280373831777
30.02803738317757
32.029906542056075
29.45607476635514
31.553271028037383
27.16822429906542
9.62803738317757
4.480373831775701
2.573831775700935
3.1457943925233645
3.2411214953271026
2.8598130841121496
2.9551401869158878
2.2878504672897195
1.0485981308411214
0.7626168224299066
0.5719626168224299
0.3813084112149533
0.28598130841121494
0.09532710280373832
0.09532710280373832
0.09532710280373832
0.09532710280373832
0.28598130841121494
0.7626168224299066
0.4766355140186916
0.3813084112149533
0.19065420560747665
0.09532710280373832
0.3813084112149533
0.9532710280373832
1.1439252336448598
1.7158878504672896
1.0485981308411214
0.3813084112149533
0.5719626168224299
0.3813084112149533
0.09532710280373832
0.6672897196261682
0.9532710280373832
0.6672897196261682
0.6672897196261682
0.3813084112149533
0.3813084112149533
0.5719626168224299
0.5719626168224299
0.6672897196261682
0.7626168224299066
0.4766355140186916
0.19065420560747665
0.19065420560747665
0.3813084112149533
0.19065420560747665
0.28598130841121494
0.28598130841121494
0.28598130841121494
0.19065420560747665
0.09532710280373832
0.19065420560747665
0.28598130841121494
0.4766355140186916
0.4766355140186916
0.4766355140186916
0.28598130841121494
0.3813084112149533
0.3813084112149533
0.4766355140186916
0.7626168224299066
0.7626168224299066
0.7626168224299066
0.6672897196261682
0.28598130841121494
0.0
0.28598130841121494
0.4766355140186916
0.6672897196261682
0.3813084112149533
0.19065420560747665
0.0
0.19065420560747665
0.5719626168224299
0.6672897196261682
0.6672897196261682
0.7626168224299066
0.19065420560747665
0.28598130841121494
0.6672897196261682
0.6672897196261682
0.5719626168224299
0.7626168224299066
0.7626168224299066
0.7626168224299066
0.6672897196261682
0.4766355140186916
0.5719626168224299
0.6672897196261682
0.8579439252336448
1.2392523364485981
1.0485981308411214
1.3345794392523365
2.097196261682243
YAAAAAAAAAAAAAAAAAAAAAAAAA!
2.2878504672897195
3.7177570093457946
2.4785046728971962
3.4317757009345793
5.719626168224299
9.246728971962616
14.299065420560748
19.446728971962617
20.49532710280374
20.304672897196262
20.4
21.44859813084112
22.973831775700933
21.734579439252336
20.114018691588786
23.25981308411215
27.549532710280374
37.5588785046729
45.566355140186914
48.521495327102805
44.70841121495327
41.08598130841121
41.75327102803738
43.56448598130841
45.18504672897196
43.94579439252337
40.22803738317757
36.22429906542056
33.8411214953271
34.12710280373832
36.510280373831776
38.41682242990654
39.5607476635514
39.27476635514019
39.08411214953271
37.94018691588785
40.8
40.03738317757009
37.74953271028038
34.3177570093458
33.93644859813084
36.79626168224299
40.8
41.84859813084112
43.373831775700936
44.041121495327104
48.42616822429907
52.2392523364486
49.85607476635514
43.373831775700936
45.089719626168225
42.70654205607477
37.46355140186916
37.46355140186916
39.27476635514019
40.13271028037383
36.12897196261682
33.65046728971963
27.072897196261682
26.59626168224299
25.833644859813084
24.97570093457944
28.026168224299067
28.598130841121495
24.689719626168223
23.16448598130841
20.97196261682243
21.353271028037383
24.40373831775701
33.555140186915885
46.04299065420561
50.33271028037383
46.805607476635515
36.319626168224296
24.117757009345794
19.446728971962617
19.065420560747665
15.157009345794393
15.538317757009345
18.588785046728972
19.351401869158877
24.022429906542055
26.882242990654206
25.166355140186916
20.114018691588786
19.25607476635514
14.966355140186916
11.248598130841122
10.104672897196261
7.912149532710281
4.9570093457943925
5.433644859813084
1.9065420560747663
2.669158878504673
YAAAAAAAAAAAAAAAAAAAAAAAAA!
2.383177570093458
2.1925233644859814
1.1439252336448598
1.0485981308411214
0.8579439252336448
0.3813084112149533
0.3813084112149533
0.3813084112149533
0.6672897196261682
1.1439252336448598
1.0485981308411214
0.7626168224299066
1.0485981308411214
0.5719626168224299
0.4766355140186916
0.4766355140186916
0.19065420560747665
0.8579439252336448
0.9532710280373832
0.3813084112149533
0.0
0.19065420560747665
0.5719626168224299
0.6672897196261682
0.5719626168224299
0.3813084112149533
0.4766355140186916
0.28598130841121494
0.28598130841121494
0.19065420560747665
0.09532710280373832
0.28598130841121494
0.6672897196261682
0.7626168224299066
0.6672897196261682
0.3813084112149533
0.19065420560747665
1.0485981308411214
1.1439252336448598
1.0485981308411214
0.5719626168224299
0.09532710280373832
0.09532710280373832
0.4766355140186916
0.5719626168224299
0.28598130841121494
0.28598130841121494
0.19065420560747665
0.19065420560747665
0.28598130841121494
0.3813084112149533
0.28598130841121494
0.28598130841121494
0.5719626168224299
0.4766355140186916
0.19065420560747665
0.19065420560747665
0.3813084112149533
0.3813084112149533
0.3813084112149533
0.3813084112149533
0.19065420560747665
0.09532710280373832
0.09532710280373832
0.0
0.0
0.0
0.0
0.0
0.28598130841121494
0.0
0.0
0.0
0.19065420560747665
0.19065420560747665
0.19065420560747665
0.28598130841121494
0.19065420560747665
0.0
0.0
0.6672897196261682
0.7626168224299066
0.7626168224299066
0.4766355140186916
0.4766355140186916
0.9532710280373832
1.0485981308411214
2.0018691588785047
YAAAAAAAAAAAAAAAAAAAAAAAAA!
2.0018691588785047
2.1925233644859814
2.573831775700935
2.383177570093458
4.480373831775701
8.57943925233645
12.96448598130841
18.588785046728972
23.83177570093458
24.97570093457944
28.598130841121495
28.88411214953271
29.170093457943924
28.40747663551402
26.69158878504673
24.97570093457944
25.642990654205608
26.786915887850466
36.22429906542056
40.22803738317757
37.46355140186916
36.89158878504673
41.37196261682243
46.42429906542056
48.80747663551402
48.14018691588785
43.850467289719624
39.27476635514019
38.035514018691586
40.22803738317757
40.99065420560748
42.22990654205608
48.61682242990654
46.90093457943925
41.27663551401869
35.17570093457944
34.69906542056075
37.654205607476634
39.5607476635514
37.27289719626168
37.5588785046729
40.418691588785045
40.99065420560748
41.37196261682243
47.66355140186916
54.05046728971963
70.63738317757009
76.16635514018692
67.30093457943926
53.669158878504675
38.60747663551402
32.220560747663555
30.314018691588785
32.506542056074764
33.745794392523365
30.695327102803738
29.55140186915888
29.742056074766356
32.697196261682244
41.657943925233646
46.04299065420561
45.66168224299066
44.42242990654206
41.08598130841121
32.029906542056075
24.689719626168223
24.40373831775701
23.35514018691589
23.450467289719626
22.878504672897197
23.83177570093458
33.45981308411215
43.850467289719624
43.2785046728972
31.17196261682243
28.026168224299067
21.6392523364486
17.921495327102804
18.11214953271028
18.398130841121496
18.77943925233645
18.398130841121496
23.545794392523366
25.642990654205608
29.265420560747664
27.072897196261682
29.742056074766356
24.213084112149534
17.730841121495327
12.011214953271027
7.7214953271028035
4.480373831775701
3.4317757009345793
2.8598130841121496
2.0018691588785047
2.0018691588785047
1.2392523364485981
0.8579439252336448
0.4766355140186916
0.5719626168224299
0.19065420560747665
0.5719626168224299
0.5719626168224299
0.3813084112149533
0.28598130841121494
0.28598130841121494
0.28598130841121494
0.4766355140186916
0.3813084112149533
0.3813084112149533
0.3813084112149533
0.0
0.0
0.09532710280373832
0.28598130841121494
0.28598130841121494
0.28598130841121494
0.0
0.0
0.09532710280373832
0.5719626168224299
0.6672897196261682
0.5719626168224299
0.28598130841121494
0.19065420560747665
0.19065420560747665
0.19065420560747665
0.28598130841121494
0.19065420560747665
0.19065420560747665
0.28598130841121494
0.0
0.0
0.0
0.19065420560747665
0.19065420560747665
0.28598130841121494
0.4766355140186916
0.3813084112149533
0.4766355140186916
0.09532710280373832
0.0
0.09532710280373832
0.4766355140186916
0.4766355140186916
0.28598130841121494
0.0
0.0
0.0
0.0
0.0
0.0
0.09532710280373832
0.09532710280373832
0.0
0.0
0.0
0.0
0.19065420560747665
0.09532710280373832
0.0
0.0
0.0
0.09532710280373832
0.0
0.0
0.0
0.0
0.0
0.0
0.0
0.0
0.3813084112149533
0.5719626168224299
0.3813084112149533
0.0
0.0
0.0
0.19065420560747665
0.09532710280373832
0.4766355140186916
0.5719626168224299
0.6672897196261682
1.0485981308411214
1.0485981308411214
2.0018691588785047
YAAAAAAAAAAAAAAAAAAAAAAAAA!
1.3345794392523365
2.097196261682243
YAAAAAAAAAAAAAAAAAAAAAAAAA!
4.671028037383177
7.435514018691589
13.05981308411215
18.77943925233645
22.68785046728972
26.69158878504673
27.64485981308411
26.786915887850466
21.925233644859812
20.59065420560748
22.306542056074765
22.306542056074765
23.16448598130841
24.785046728971963
29.265420560747664
39.84672897196262
47.09158878504673
52.429906542056074
55.57570093457944
51.85794392523364
50.14205607476636
46.90093457943925
37.46355140186916
34.69906542056075
33.745794392523365
34.413084112149534
37.177570093457945
36.510280373831776
38.98878504672897
38.893457943925235
37.36822429906542
35.84299065420561
35.271028037383175
37.08224299065421
38.13084112149533
36.41495327102804
37.94018691588785
38.51214953271028
42.70654205607477
45.089719626168225
47.94953271028037
45.566355140186914
36.79626168224299
40.70467289719626
52.429906542056074
54.33644859813084
50.80934579439252
41.37196261682243
34.222429906542054
31.267289719626167
30.40934579439252
29.837383177570093
32.98317757009346
32.31588785046729
33.17383177570093
34.794392523364486
47.282242990654204
54.145794392523364
50.237383177570095
38.035514018691586
28.026168224299067
20.781308411214955
18.016822429906544
17.1588785046729
18.11214953271028
24.785046728971963
35.461682242990655
38.226168224299066
37.5588785046729
37.654205607476634
34.222429906542054
27.358878504672898
16.49158878504673
13.917757009345795
13.727102803738317
13.155140186915888
14.108411214953271
17.44485981308411
23.545794392523366
29.170093457943924
25.738317757009344
26.786915887850466
26.405607476635513
20.781308411214955
13.441121495327103
6.863551401869159
4.194392523364486
2.4785046728971962
1.1439252336448598
0.7626168224299066
1.1439252336448598
1.5252336448598132
0.9532710280373832
0.5719626168224299
0.6672897196261682
0.28598130841121494
0.19065420560747665
0.0
0.09532710280373832
0.19065420560747665
0.28598130841121494
0.09532710280373832
0.09532710280373832
0.19065420560747665
0.0
0.09532710280373832
0.19065420560747665
0.19065420560747665
0.19065420560747665
0.19065420560747665
0.19065420560747665
0.19065420560747665
0.09532710280373832
0.19065420560747665
0.19065420560747665
0.28598130841121494
0.5719626168224299
0.3813084112149533
0.0
0.0
0.09532710280373832
0.0
0.0
0.0
0.0
0.0
0.0
0.0
0.0
0.28598130841121494
0.19065420560747665
0.28598130841121494
0.19065420560747665
0.0
0.0
0.0
0.4766355140186916
0.3813084112149533
0.19065420560747665
0.0
0.0
0.0
0.0
0.19065420560747665
0.28598130841121494
0.28598130841121494
0.09532710280373832
0.0
0.09532710280373832
0.19065420560747665
0.28598130841121494
0.28598130841121494
0.19065420560747665
0.0
0.09532710280373832
0.28598130841121494
0.0
0.09532710280373832
0.3813084112149533
0.3813084112149533
0.0
0.19065420560747665
0.19065420560747665
0.09532710280373832
0.09532710280373832
0.19065420560747665
0.19065420560747665
0.09532710280373832
0.0
0.0
0.0
0.09532710280373832
0.09532710280373832
0.19065420560747665
0.19065420560747665
0.28598130841121494
0.5719626168224299
0.28598130841121494
0.8579439252336448
1.9065420560747663
3.622429906542056
YAAAAAAAAAAAAAAAAAAAAAAAAA!
3.527102803738318
2.9551401869158878
2.8598130841121496
5.9102803738317755
12.96448598130841
17.1588785046729
22.59252336448598
28.502803738317755
31.362616822429906
32.220560747663555
32.029906542056075
27.930841121495327
26.69158878504673
28.502803738317755
30.885981308411214
32.029906542056075
27.74018691588785
33.36448598130841
43.75514018691589
57.86355140186916
62.4392523364486
58.626168224299064
52.90654205607477
46.04299065420561
39.46542056074767
34.603738317757006
34.12710280373832
32.220560747663555
31.648598130841123
31.457943925233646
30.790654205607478
35.65233644859813
38.51214953271028
43.373831775700936
42.42056074766355
38.41682242990654
39.5607476635514
37.74953271028038
36.510280373831776
32.79252336448598
35.461682242990655
36.89158878504673
44.13644859813084
51.57196261682243
51.66728971962617
38.60747663551402
31.74392523364486
31.8392523364486
34.985046728971966
41.657943925233646
53.09719626168224
57.38691588785047
52.62056074766355
43.65981308411215
32.31588785046729
36.510280373831776
39.65607476635514
41.75327102803738
41.37196261682243
39.5607476635514
29.646728971962617
32.029906542056075
33.555140186915885
29.837383177570093
25.738317757009344
26.882242990654206
25.92897196261682
33.45981308411215
40.32336448598131
41.37196261682243
34.88971962616822
29.837383177570093
18.970093457943925
17.54018691588785
15.442990654205607
14.585046728971962
15.538317757009345
14.489719626168224
15.824299065420561
17.349532710280375
26.310280373831777
34.03177570093458
44.51775700934579
40.70467289719626
34.69906542056075
16.777570093457943
14.6803738317757
11.153271028037382
9.151401869158878
5.242990654205608
2.669158878504673
1.5252336448598132
0.7626168224299066
0.7626168224299066
0.28598130841121494
0.09532710280373832
0.0
0.19065420560747665
0.0
0.19065420560747665
0.28598130841121494
0.19065420560747665
0.0
0.0
0.0
0.09532710280373832
0.09532710280373832
0.4766355140186916
0.0
0.0
0.0
0.19065420560747665
0.19065420560747665
0.28598130841121494
0.19065420560747665
0.19065420560747665
0.0
0.0
0.09532710280373832
0.09532710280373832
0.0
0.0
0.28598130841121494
0.28598130841121494
0.0
0.0
0.09532710280373832
0.4766355140186916
0.4766355140186916
0.5719626168224299
0.19065420560747665
0.3813084112149533
0.19065420560747665
0.09532710280373832
0.3813084112149533
0.7626168224299066
0.4766355140186916
0.28598130841121494
0.28598130841121494
0.19065420560747665
0.19065420560747665
0.19065420560747665
0.3813084112149533
0.4766355140186916
0.3813084112149533
0.3813084112149533
0.09532710280373832
0.28598130841121494
0.19065420560747665
0.28598130841121494
0.28598130841121494
0.28598130841121494
0.19065420560747665
0.19065420560747665
0.0
0.19065420560747665
0.28598130841121494
0.28598130841121494
0.09532710280373832
0.19065420560747665
0.0
0.0
0.0
0.3813084112149533
